0 0.76144 0.276374 0.106235 0.0783561
0 0.871072 0.249546 0.108075 0.0779287
1 0.578599 0.809879 0.113515 0.0846859
0 0.661201 0.755869 0.101111 0.0757991
0 0.592842 0.343577 0.104684 0.0783103
0 0.40277 0.533178 0.103007 0.0745601
0 0.799224 0.380896 0.102968 0.0759166
3 0.431709 0.684083 0.0945718 0.071695
0 0.511128 0.614634 0.10327 0.0761492
2 0.679244 0.468547 0.106974 0.0779487
2 0.389737 0.41227 0.0951218 0.070833
2 0.511523 0.1373 0.107697 0.0813438
2 0.246528 0.385163 0.106306 0.0793959
1 0.227644 0.51323 0.106292 0.0822391
2 0.229026 0.513448 0.107895 0.0800849
