2 0.272531 0.120702 0.150155 0.107768
0 0.396657 0.521946 0.147515 0.110976
0 0.082793 0.346046 0.144855 0.109303
0 0.67627 0.306101 0.152118 0.113724
0 0.519158 0.230992 0.150386 0.111758
1 0.153046 0.147661 0.151584 0.116043
3 0.139515 0.395871 0.125876 0.0887373
3 0.27934 0.426625 0.133679 0.0999461
2 0.273915 0.680186 0.142274 0.107421
2 0.210072 0.609661 0.145937 0.111358
2 0.229348 0.215676 0.144544 0.102314
0 0.580965 0.668526 0.151852 0.11341
3 0.145149 0.39327 0.119806 0.0929937
2 0.220199 0.615842 0.150884 0.12083
0 0.919945 0.50377 0.152745 0.113733
0 0.916814 0.502789 0.147316 0.11433
